74234.0;25.721899999999998;66.48173666666666;
74235.0;25.721896666666666;66.48173666666666;
74236.0;25.72189166666667;66.48173833333334;
74237.0;25.721893333333334;66.48174;
74238.0;25.721896666666666;66.48174;
74239.0;25.721901666666668;66.48174166666666;
74240.0;25.721899999999998;66.48174;
74241.0;25.721899999999998;66.48173833333334;
74242.0;25.721899999999998;66.48173833333334;
74243.0;25.721898333333336;66.48173666666666;
74244.0;25.721901666666668;66.48173666666666;
74245.0;25.721905;66.481735;
74246.0;25.72191;66.481735;
74247.0;25.72191666666667;66.481735;
74248.0;25.72192166666667;66.481735;
74249.0;25.721928333333334;66.48173333333334;
74250.0;25.721935;66.48173333333334;
74251.0;25.721940000000004;66.48173333333334;
74252.0;25.72193666666667;66.48173333333334;
74253.0;25.721941666666666;66.481735;
74254.0;25.721943333333336;66.48173666666666;
74255.0;25.721946666666668;66.48173833333334;
74256.0;25.721955;66.48174166666666;
74257.0;25.721958333333337;66.48174333333333;
74258.0;25.721956666666664;66.48174333333333;
74259.0;25.72196;66.48174333333333;
74300.0;25.721965;66.48174333333333;
74301.0;25.72197833333333;66.48174333333333;
74302.0;25.721985000000004;66.481745;
74303.0;25.721988333333336;66.481745;
74304.0;25.721995;66.481745;
74305.0;25.72200666666667;66.48174333333333;
74306.0;25.72201166666667;66.48174333333333;
74307.0;25.72201166666667;66.48174166666666;
74308.0;25.722019999999997;66.48174;
74309.0;25.722021666666667;66.48174;
74310.0;25.722019999999997;66.48173833333334;
74311.0;25.72200833333333;66.48173833333334;
74312.0;25.722003333333337;66.48173833333334;
74313.0;25.72200666666667;66.48174;
74314.0;25.72201166666667;66.48174;
74315.0;25.722015000000003;66.48174;
74316.0;25.722018333333335;66.48174;
74317.0;25.722021666666667;66.48174;
74318.0;25.722025;66.48173833333334;
74319.0;25.722030000000004;66.48173833333334;
74320.0;25.722036666666668;66.48174;
74321.0;25.72204;66.48174;
74322.0;25.722045;66.48173833333334;
74323.0;25.722046666666664;66.48173833333334;
74324.0;25.722046666666664;66.48173833333334;
74325.0;25.722046666666664;66.48173833333334;
74326.0;25.722048333333337;66.48173833333334;
74327.0;25.72205;66.48173666666666;
74328.0;25.72205333333333;66.48173666666666;
74329.0;25.72205666666667;66.481735;
74330.0;25.722060000000003;66.48173333333334;
74331.0;25.722063333333335;66.48173333333334;
74332.0;25.72206833333333;66.48173333333334;
74333.0;25.722075000000004;66.48173166666668;
74334.0;25.72208;66.48173166666668;
74335.0;25.722085;66.48173166666668;
74336.0;25.722088333333332;66.48173166666668;
74337.0;25.72208666666667;66.48173166666668;
74338.0;25.722085;66.48173166666668;
74339.0;25.722081666666668;66.48173166666668;
74340.0;25.72208;66.48173;
74341.0;25.72208;66.48173;
74342.0;25.72208;66.48173;
74343.0;25.72208;66.48173;
74344.0;25.722081666666668;66.48173;
74345.0;25.72208333333333;66.48173;
74346.0;25.722085;66.48173166666668;
74347.0;25.722085;66.48173166666668;
74348.0;25.722085;66.48173333333334;
74349.0;25.722085;66.481735;
74350.0;25.72208333333333;66.481735;
74351.0;25.72208333333333;66.48173333333334;
74352.0;25.72208333333333;66.48173333333334;
74353.0;25.722081666666668;66.48173333333334;
74354.0;25.722081666666668;66.48173166666668;
74355.0;25.722081666666668;66.48173;
74356.0;25.722081666666668;66.48172833333334;
74357.0;25.722081666666668;66.48172833333334;
74358.0;25.72208333333333;66.48172833333334;
74359.0;25.722085;66.48172833333334;
74400.0;25.722085;66.48172833333334;
74401.0;25.72208666666667;66.48172666666666;
74402.0;25.72208666666667;66.48172833333334;
74403.0;25.72208666666667;66.48172833333334;
74404.0;25.72208666666667;66.48172666666666;
74405.0;25.722085;66.48172666666666;
74406.0;25.72208333333333;66.48172666666666;
74407.0;25.722081666666668;66.48172666666666;
74408.0;25.72208;66.48172666666666;
74409.0;25.72208;66.48172666666666;
74410.0;25.722078333333336;66.48172666666666;
74411.0;25.722078333333336;66.48172500000001;
74412.0;25.722078333333336;66.48172500000001;
74413.0;25.722076666666666;66.48172500000001;
74414.0;25.722075000000004;66.48172500000001;
74415.0;25.722073333333334;66.48172500000001;
74416.0;25.72207166666667;66.48172500000001;
74417.0;25.72207166666667;66.48172500000001;
74418.0;25.72207;66.48172500000001;
74419.0;25.722066666666667;66.48172500000001;
74420.0;25.722061666666665;66.48172500000001;
74421.0;25.722058333333333;66.48172333333333;
74422.0;25.722055;66.48172333333333;
74423.0;25.72205333333333;66.48172166666667;
74424.0;25.72205;66.48172166666667;
74425.0;25.722045;66.48172;
74426.0;25.72204166666667;66.48172;
74427.0;25.72203833333333;66.48171833333335;
74428.0;25.722031666666666;66.48171833333335;
74429.0;25.722025;66.48171833333335;
74430.0;25.72200833333333;66.481715;
74431.0;25.72199333333333;66.48171333333333;
74432.0;25.72197833333333;66.48171333333333;
74433.0;25.721973333333334;66.48171333333333;
74434.0;25.721968333333333;66.48171166666665;
74435.0;25.72196333333333;66.48171;
74436.0;25.721956666666664;66.48171;
74437.0;25.72195166666667;66.48171;
74438.0;25.72194833333333;66.48171;
74439.0;25.721941666666666;66.48170833333333;
74440.0;25.72193333333333;66.48171;
74441.0;25.721928333333334;66.48171166666665;
74442.0;25.721915;66.48171333333333;
74443.0;25.72190333333333;66.48171333333333;
74444.0;25.72189166666667;66.48171333333333;
74445.0;25.721884999999997;66.48171166666665;
74446.0;25.721875;66.48171166666665;
74447.0;25.721866666666664;66.48171;
74448.0;25.72186;66.48170833333333;
74449.0;25.72187333333333;66.48170666666667;
74450.0;25.721880000000002;66.48170666666667;
74451.0;25.721883333333334;66.48170666666667;
74452.0;25.72187333333333;66.48170833333333;
74453.0;25.721854999999998;66.48171;
74454.0;25.721841666666666;66.48171;
74455.0;25.72182833333333;66.48171166666665;
74456.0;25.721821666666663;66.481715;
74457.0;25.721815;66.48171666666667;
74458.0;25.721803333333334;66.48171833333335;
74459.0;25.721785;66.48172166666667;
74500.0;25.72177166666667;66.48172166666667;
74501.0;25.721766666666667;66.48172166666667;
74502.0;25.721761666666666;66.48172;
74503.0;25.72175666666667;66.48172;
74504.0;25.721751666666666;66.48172166666667;
74505.0;25.721748333333334;66.48172166666667;
74506.0;25.721743333333333;66.48172166666667;
74507.0;25.72174;66.48172166666667;
74508.0;25.721735;66.48172166666667;
74509.0;25.721731666666663;66.48172166666667;
74510.0;25.72173;66.48172166666667;
74511.0;25.72172833333333;66.48172166666667;
74512.0;25.72172666666667;66.48172166666667;
74513.0;25.72172333333333;66.48172166666667;
74514.0;25.721719999999998;66.48172166666667;
74515.0;25.721715000000003;66.48172166666667;
74516.0;25.72171166666667;66.48172166666667;
74517.0;25.721709999999998;66.48172166666667;
74518.0;25.72170833333333;66.48172166666667;
74519.0;25.721706666666666;66.48172166666667;
74520.0;25.721704999999996;66.48172166666667;
74521.0;25.721700000000002;66.48172166666667;
74522.0;25.72169333333333;66.48172166666667;
74523.0;25.721670000000003;66.48171833333335;
74524.0;25.72173666666667;66.48172333333333;
74525.0;25.721733333333336;66.48172333333333;
74526.0;25.721721666666667;66.48172166666667;
74527.0;25.72170833333333;66.48172;
74528.0;25.72170833333333;66.48172;
74529.0;25.72170833333333;66.48172;
74530.0;25.72170833333333;66.48172;
74531.0;25.721706666666666;66.48172;
74532.0;25.72170833333333;66.48172;
74533.0;25.72170833333333;66.48172;
74534.0;25.72170833333333;66.48172;
74535.0;25.721706666666666;66.48172;
74536.0;25.721703333333334;66.48172;
74537.0;25.721698333333332;66.48172;
74538.0;25.721695;66.48172;
74539.0;25.72169166666667;66.48172;
74540.0;25.721688333333336;66.48171833333335;
74541.0;25.72168333333333;66.48171833333335;
74542.0;25.721671666666666;66.481715;
74543.0;25.721661666666666;66.48171;
74544.0;25.72165;66.48170499999999;
74545.0;25.721643333333336;66.4817;
74546.0;25.72163833333333;66.48169666666666;
74547.0;25.72163333333333;66.481695;
74548.0;25.721631666666667;66.481695;
74549.0;25.721631666666667;66.481695;
74550.0;25.721631666666667;66.481695;
74551.0;25.721629999999998;66.481695;
74552.0;25.721631666666667;66.481695;
74553.0;25.721631666666667;66.481695;
74554.0;25.72163333333333;66.481695;
74555.0;25.721631666666667;66.481695;
74556.0;25.721628333333335;66.481695;
74557.0;25.721623333333334;66.481695;
74558.0;25.721619999999998;66.481695;
74559.0;25.721616666666666;66.48169333333334;
74600.0;25.721614999999996;66.48169333333334;
74601.0;25.721613333333334;66.481695;
74602.0;25.721614999999996;66.481695;
74603.0;25.72160666666667;66.48169333333334;
74604.0;25.7216;66.48169333333334;
74605.0;25.721598333333336;66.481695;
74606.0;25.721608333333332;66.48169833333333;
74607.0;25.721613333333334;66.4817;
74608.0;25.72160666666667;66.4817;
74609.0;25.72160166666667;66.4817;
74610.0;25.721596666666663;66.48170166666667;
74611.0;25.72159333333333;66.48170166666667;
74612.0;25.721584999999997;66.4817;
74613.0;25.721578333333333;66.4817;
74614.0;25.721569999999996;66.4817;
74615.0;25.721558333333338;66.481695;
74616.0;25.72154833333333;66.48169333333334;
74617.0;25.721541666666667;66.48169166666666;
74618.0;25.721535000000003;66.48168833333334;
74619.0;25.721528333333335;66.48168666666668;
74620.0;25.721521666666664;66.48168333333334;
74621.0;25.721518333333332;66.48168333333334;
74622.0;25.721515;66.48168166666666;
74623.0;25.721505;66.48168000000001;
74624.0;25.721493333333335;66.48167666666667;
74625.0;25.721488333333333;66.481675;
74626.0;25.721484999999998;66.481675;
74627.0;25.721491666666665;66.48167666666667;
74628.0;25.721493333333335;66.48167666666667;
74629.0;25.721496666666667;66.48168000000001;
74630.0;25.721491666666665;66.48168000000001;
74631.0;25.721498333333336;66.48168333333334;
74632.0;25.721505;66.481685;
74633.0;25.721511666666668;66.48168833333334;
74634.0;25.72152;66.48169;
74635.0;25.721528333333335;66.48169;
74636.0;25.72153166666667;66.48169166666666;
74637.0;25.721545;66.48169333333334;
74638.0;25.721539999999997;66.481695;
74639.0;25.721518333333332;66.48169;
74640.0;25.721523333333334;66.48169166666666;
74641.0;25.721526666666666;66.48169166666666;
74642.0;25.72153166666667;66.48169166666666;
74643.0;25.721535000000003;66.48169166666666;
74644.0;25.721536666666665;66.48169;
74645.0;25.721538333333335;66.48169;
74646.0;25.721541666666667;66.48169;
74647.0;25.721541666666667;66.48169;
74648.0;25.721538333333335;66.48168833333334;
74649.0;25.721536666666665;66.48168833333334;
74650.0;25.721529999999998;66.48168666666668;
74651.0;25.721528333333335;66.48168666666668;
74652.0;25.721521666666664;66.48168666666668;
74653.0;25.721515;66.48168666666668;
74654.0;25.721511666666668;66.48168666666668;
74655.0;25.721506666666663;66.48168666666668;
74656.0;25.72150333333333;66.48168666666668;
74657.0;25.72150333333333;66.48168666666668;
74658.0;25.7215;66.48168666666668;
74659.0;25.7215;66.48168666666668;
74700.0;25.7215;66.48168833333334;
74701.0;25.72150166666667;66.48168833333334;
74702.0;25.72150166666667;66.48168833333334;
74703.0;25.72150166666667;66.48168833333334;
74704.0;25.72150166666667;66.48168833333334;
74705.0;25.7215;66.48168833333334;
74706.0;25.7215;66.48168833333334;
74707.0;25.7215;66.48168833333334;
74708.0;25.72150333333333;66.48169;
74709.0;25.721506666666663;66.48169;
74710.0;25.721508333333336;66.48169166666666;
74711.0;25.721508333333336;66.48169166666666;
74712.0;25.721508333333336;66.48169166666666;
74713.0;25.721508333333336;66.48169166666666;
74714.0;25.721508333333336;66.48169166666666;
74715.0;25.721508333333336;66.48169166666666;
74716.0;25.721508333333336;66.48169166666666;
74717.0;25.721508333333336;66.48169166666666;
74718.0;25.721508333333336;66.48169166666666;
74719.0;25.721508333333336;66.48169166666666;
74720.0;25.721508333333336;66.48169166666666;
74721.0;25.721508333333336;66.48169166666666;
74722.0;25.721508333333336;66.48169166666666;
74723.0;25.721505;66.48169;
74724.0;25.72150333333333;66.48169166666666;
74725.0;25.72150333333333;66.48169166666666;
74726.0;25.72150333333333;66.48169;
74727.0;25.72150166666667;66.48169;
74728.0;25.72150166666667;66.48169;
74729.0;25.72150166666667;66.48169;
74730.0;25.7215;66.48168833333334;
74731.0;25.7215;66.48168833333334;
74732.0;25.7215;66.48168833333334;
74733.0;25.7215;66.48168833333334;
74734.0;25.7215;66.48168833333334;
74735.0;25.7215;66.48168833333334;
74736.0;25.7215;66.48168833333334;
74737.0;25.7215;66.48168833333334;
74738.0;25.7215;66.48168833333334;
74739.0;25.7215;66.48168833333334;
74740.0;25.7215;66.48168833333334;
74741.0;25.7215;66.48168833333334;
74742.0;25.7215;66.48168833333334;
74743.0;25.7215;66.48168833333334;
74744.0;25.7215;66.48168833333334;
74745.0;25.72150166666667;66.48168833333334;
74746.0;25.72150166666667;66.48168833333334;
74747.0;25.72150166666667;66.48168833333334;
74748.0;25.72150166666667;66.48168833333334;
74749.0;25.72150166666667;66.48168833333334;
74750.0;25.72150166666667;66.48168833333334;
74751.0;25.72150166666667;66.48168833333334;
74752.0;25.72150166666667;66.48168833333334;
74753.0;25.72150166666667;66.48168833333334;
74754.0;25.72150166666667;66.48168833333334;
74755.0;25.72150166666667;66.48168833333334;
74756.0;25.72150166666667;66.48168833333334;
74757.0;25.72150166666667;66.48168833333334;
74758.0;25.72150166666667;66.48168833333334;
74759.0;25.72150166666667;66.48168666666668;
74800.0;25.72150166666667;66.48168666666668;
74801.0;25.72150333333333;66.48168666666668;
74802.0;25.72150333333333;66.48168666666668;
74803.0;25.72150333333333;66.48168666666668;
74804.0;25.721505;66.481685;
74805.0;25.721505;66.481685;
74806.0;25.721506666666663;66.481685;
74807.0;25.721506666666663;66.481685;
74808.0;25.721506666666663;66.481685;
74809.0;25.721506666666663;66.481685;
74810.0;25.721506666666663;66.481685;
74811.0;25.721506666666663;66.481685;
74812.0;25.721506666666663;66.481685;
74813.0;25.721506666666663;66.481685;
74814.0;25.721506666666663;66.481685;
74815.0;25.721506666666663;66.481685;
74816.0;25.721506666666663;66.481685;
74817.0;25.721506666666663;66.481685;
74818.0;25.721506666666663;66.481685;
74819.0;25.721506666666663;66.481685;
74820.0;25.721506666666663;66.481685;
74821.0;25.721506666666663;66.481685;
74822.0;25.721506666666663;66.481685;
74823.0;25.721506666666663;66.481685;
74824.0;25.721506666666663;66.481685;
74825.0;25.721506666666663;66.481685;
74826.0;25.721506666666663;66.481685;
74827.0;25.721506666666663;66.481685;
74828.0;25.721506666666663;66.481685;
74829.0;25.721506666666663;66.481685;
74830.0;25.721506666666663;66.481685;
74831.0;25.721506666666663;66.481685;
74832.0;25.721506666666663;66.481685;
74833.0;25.721506666666663;66.481685;
74834.0;25.721506666666663;66.481685;
74835.0;25.721506666666663;66.481685;
74836.0;25.721506666666663;66.481685;
74837.0;25.721506666666663;66.481685;
74838.0;25.721506666666663;66.481685;
74839.0;25.721506666666663;66.481685;
74840.0;25.721506666666663;66.481685;
74841.0;25.721506666666663;66.481685;
74842.0;25.721506666666663;66.481685;
74843.0;25.721506666666663;66.481685;
74844.0;25.721506666666663;66.481685;
74845.0;25.721506666666663;66.481685;
74846.0;25.721506666666663;66.481685;
74847.0;25.721506666666663;66.481685;
74848.0;25.721506666666663;66.481685;
74849.0;25.721506666666663;66.481685;
74850.0;25.721506666666663;66.481685;
74851.0;25.721506666666663;66.481685;
74852.0;25.721506666666663;66.481685;
74853.0;25.721506666666663;66.481685;
74854.0;25.721506666666663;66.481685;
74855.0;25.721506666666663;66.481685;
74856.0;25.721506666666663;66.481685;
74857.0;25.721505;66.481685;
74858.0;25.72150333333333;66.481685;
74859.0;25.72150333333333;66.48168333333334;
74900.0;25.72150333333333;66.48168333333334;
74901.0;25.72150333333333;66.48168333333334;
74902.0;25.72150333333333;66.48168333333334;
74903.0;25.72150333333333;66.48168333333334;
74904.0;25.72150333333333;66.48168333333334;
74905.0;25.72150333333333;66.48168333333334;
74906.0;25.721505;66.48168333333334;
74907.0;25.721505;66.48168333333334;
74908.0;25.721505;66.48168333333334;
74909.0;25.721505;66.48168333333334;
74910.0;25.721505;66.48168333333334;
74911.0;25.721505;66.48168333333334;
74912.0;25.721505;66.48168333333334;
74913.0;25.721505;66.48168333333334;
74914.0;25.721505;66.48168333333334;
74915.0;25.721505;66.48168333333334;
74916.0;25.721505;66.48168333333334;
74917.0;25.721505;66.48168333333334;
74918.0;25.721505;66.48168333333334;
74919.0;25.721505;66.481685;
74920.0;25.721505;66.481685;
74921.0;25.721505;66.481685;
74922.0;25.721505;66.481685;
74923.0;25.721505;66.481685;
74924.0;25.721505;66.481685;
74925.0;25.721505;66.481685;
74926.0;25.721505;66.481685;
74927.0;25.721505;66.481685;
74928.0;25.721505;66.481685;
74929.0;25.721505;66.481685;
74930.0;25.721505;66.481685;
74931.0;25.721505;66.481685;
74932.0;25.721505;66.481685;
74933.0;25.721505;66.481685;
74934.0;25.721505;66.481685;
74935.0;25.721505;66.481685;
74936.0;25.721505;66.481685;
74937.0;25.721505;66.481685;
74938.0;25.721505;66.481685;
74939.0;25.721505;66.481685;
74940.0;25.721505;66.481685;
74941.0;25.721505;66.481685;
74942.0;25.721505;66.48168333333334;
74943.0;25.721505;66.48168333333334;
74944.0;25.721505;66.48168333333334;
74945.0;25.721505;66.48168333333334;
74946.0;25.721505;66.481685;
74947.0;25.721506666666663;66.481685;
74948.0;25.721506666666663;66.481685;
74949.0;25.721506666666663;66.481685;
74950.0;25.721506666666663;66.481685;
74951.0;25.721506666666663;66.481685;
74952.0;25.721506666666663;66.481685;
74953.0;25.721506666666663;66.481685;
74954.0;25.721506666666663;66.481685;
74955.0;25.721506666666663;66.481685;
74956.0;25.721506666666663;66.481685;
74957.0;25.721506666666663;66.481685;
74958.0;25.721508333333336;66.481685;
74959.0;25.721508333333336;66.481685;
75000.0;25.721508333333336;66.481685;
75001.0;25.72151;66.481685;
75002.0;25.721511666666668;66.481685;
75003.0;25.721511666666668;66.481685;
75004.0;25.721513333333338;66.481685;
75005.0;25.721515;66.481685;
75006.0;25.72151666666667;66.481685;
75007.0;25.721518333333332;66.481685;
75008.0;25.72152;66.481685;
75009.0;25.721521666666664;66.481685;
75010.0;25.721523333333334;66.481685;
75011.0;25.721526666666666;66.481685;
75012.0;25.721528333333335;66.481685;
75013.0;25.72153166666667;66.481685;
75014.0;25.721533333333333;66.481685;
75015.0;25.721535000000003;66.48168666666668;
75016.0;25.721538333333335;66.48168666666668;
75017.0;25.721541666666667;66.48168666666668;
75018.0;25.721543333333337;66.48168666666668;
75019.0;25.72154666666667;66.48168666666668;
75020.0;25.72155;66.48168666666668;
75021.0;25.721553333333336;66.48168833333334;
75022.0;25.721556666666668;66.48168833333334;
75023.0;25.72156;66.48168833333334;
75024.0;25.721565000000002;66.48168833333334;
75025.0;25.721568333333334;66.48168833333334;
75026.0;25.721573333333335;66.48168833333334;
75027.0;25.72157666666667;66.48168833333334;
75028.0;25.721581666666665;66.48168833333334;
75029.0;25.721586666666667;66.48168833333334;
75030.0;25.72159166666667;66.48168833333334;
75031.0;25.721596666666663;66.48168833333334;
75032.0;25.72160166666667;66.48168833333334;
75033.0;25.72160666666667;66.48168833333334;
75034.0;25.721611666666664;66.48168833333334;
75035.0;25.721616666666666;66.48168666666668;
75036.0;25.72162166666667;66.48168666666668;
75037.0;25.721626666666666;66.48168666666668;
75038.0;25.721631666666667;66.48168666666668;
75039.0;25.72163666666667;66.481685;
75040.0;25.721641666666663;66.481685;
75041.0;25.72164666666667;66.481685;
75042.0;25.72165;66.48168333333334;
75043.0;25.721655000000002;66.48168333333334;
75044.0;25.721659999999996;66.48168333333334;
75045.0;25.721664999999998;66.48168166666666;
75046.0;25.721668333333334;66.48168166666666;
75047.0;25.721673333333335;66.48168166666666;
75048.0;25.72167833333333;66.48168000000001;
75049.0;25.72168333333333;66.48167833333333;
75050.0;25.721688333333336;66.48167833333333;
75051.0;25.72169333333333;66.48167666666667;
75052.0;25.721698333333332;66.48167666666667;
75053.0;25.721703333333334;66.481675;
75054.0;25.72170833333333;66.48167333333335;
75055.0;25.721713333333334;66.48167333333335;
75056.0;25.721718333333335;66.48167166666667;
75057.0;25.72172333333333;66.48167166666667;
75058.0;25.72172833333333;66.48167;
75059.0;25.721731666666663;66.48166833333333;
75100.0;25.72173666666667;66.48166833333333;
75101.0;25.72174166666667;66.48166666666665;
75102.0;25.721746666666665;66.48166666666665;
75103.0;25.721751666666666;66.481665;
75104.0;25.72175666666667;66.481665;
75105.0;25.721761666666666;66.48166333333333;
75106.0;25.721766666666667;66.48166166666667;
75107.0;25.72177166666667;66.48166166666667;
75108.0;25.721778333333337;66.48165999999999;
75109.0;25.72178333333333;66.48165999999999;
75110.0;25.721788333333333;66.48165833333334;
75111.0;25.721793333333334;66.48165833333334;
75112.0;25.72179833333333;66.48165666666667;
75113.0;25.721805000000003;66.48165666666667;
75114.0;25.721809999999998;66.481655;
75115.0;25.721815;66.481655;
75116.0;25.72182;66.481655;
75117.0;25.72182666666667;66.481655;
75118.0;25.72183166666667;66.48165333333333;
75119.0;25.721836666666665;66.48165333333333;
75120.0;25.721841666666666;66.48165333333333;
75121.0;25.721848333333334;66.48165333333333;
75122.0;25.721853333333335;66.48165333333333;
75123.0;25.72185833333333;66.48165166666666;
75124.0;25.72186333333333;66.48165166666666;
75125.0;25.72187;66.48165166666666;
75126.0;25.721875;66.48165166666666;
75127.0;25.721881666666665;66.48165166666666;
75128.0;25.721886666666666;66.48165166666666;
75129.0;25.72189166666667;66.48165166666666;
75130.0;25.721898333333336;66.48165333333333;
75131.0;25.72190333333333;66.48165333333333;
75132.0;25.72191;66.48165333333333;
75133.0;25.721915;66.48165333333333;
75134.0;25.72192166666667;66.48165333333333;
75135.0;25.721926666666665;66.48165333333333;
75136.0;25.72193333333333;66.48165333333333;
75137.0;25.721938333333334;66.481655;
75138.0;25.721943333333336;66.481655;
75139.0;25.72194833333333;66.481655;
75140.0;25.72195166666667;66.48165666666667;
75141.0;25.721955;66.48165666666667;
75142.0;25.721958333333337;66.48165666666667;
75143.0;25.72196166666667;66.48165833333334;
75144.0;25.72196333333333;66.48165833333334;
75145.0;25.721965;66.48165999999999;
75146.0;25.72196666666667;66.48165999999999;
75147.0;25.72196666666667;66.48166166666667;
75148.0;25.72196666666667;66.48166166666667;
75149.0;25.72196666666667;66.48166333333333;
75150.0;25.721965;66.48166333333333;
75151.0;25.721965;66.481665;
75152.0;25.72196333333333;66.481665;
75153.0;25.72196166666667;66.48166666666665;
75154.0;25.72196;66.48166666666665;
75155.0;25.721958333333337;66.48166833333333;
75156.0;25.721955;66.48166833333333;
75157.0;25.72195333333333;66.48167;
75158.0;25.72195;66.48167;
75159.0;25.72194833333333;66.48167;
75200.0;25.721944999999998;66.48167166666667;
75201.0;25.721941666666666;66.48167166666667;
75202.0;25.721938333333334;66.48167333333335;
75203.0;25.721935;66.48167333333335;
75204.0;25.721931666666666;66.48167333333335;
75205.0;25.721928333333334;66.48167333333335;
75206.0;25.721925000000002;66.481675;
75207.0;25.72192166666667;66.481675;
75208.0;25.72191666666667;66.481675;
75209.0;25.721911666666664;66.48167666666667;
75210.0;25.72190833333333;66.48167666666667;
75211.0;25.72190333333333;66.48167666666667;
75212.0;25.721898333333336;66.48167833333333;
75213.0;25.72189166666667;66.48167833333333;
75214.0;25.721886666666666;66.48167833333333;
75215.0;25.721880000000002;66.48167833333333;
75216.0;25.721875;66.48168000000001;
75217.0;25.721868333333337;66.48168000000001;
75218.0;25.72186;66.48168000000001;
75219.0;25.72183;66.48168000000001;
75220.0;25.721796666666666;66.48168166666666;
75221.0;25.721763333333335;66.48168166666666;
75222.0;25.721725;66.48168166666666;
75223.0;25.72169333333333;66.48168000000001;
75224.0;25.721661666666666;66.48168166666666;
75225.0;25.72163666666667;66.48168166666666;
75226.0;25.721610000000002;66.48168166666666;
75227.0;25.721581666666665;66.48168166666666;
75228.0;25.721556666666668;66.48168166666666;
75229.0;25.72153166666667;66.48168166666666;
75230.0;25.721508333333336;66.48168000000001;
75231.0;25.721490000000003;66.48168000000001;
75232.0;25.72147166666667;66.48167833333333;
75233.0;25.721448333333335;66.48167666666667;
75234.0;25.721428333333332;66.481675;
75235.0;25.721415;66.48167333333335;
75236.0;25.72141;66.48168166666666;
75237.0;25.721403333333335;66.48168333333334;
75238.0;25.721398333333333;66.48168333333334;
75239.0;25.721479999999996;66.48168333333334;
75240.0;25.721508333333336;66.481685;
75241.0;25.721511666666668;66.481685;
75242.0;25.721511666666668;66.48168333333334;
75243.0;25.721513333333338;66.48168333333334;
75244.0;25.721513333333338;66.48168333333334;
75245.0;25.721513333333338;66.48168333333334;
75246.0;25.721513333333338;66.48168333333334;
75247.0;25.721513333333338;66.48168333333334;
75248.0;25.721513333333338;66.48168333333334;
75249.0;25.721513333333338;66.48168333333334;
75250.0;25.721513333333338;66.48168333333334;
75251.0;25.721513333333338;66.48168333333334;
75252.0;25.721513333333338;66.48168333333334;
75253.0;25.721511666666668;66.48168333333334;
75254.0;25.721513333333338;66.48168333333334;
75255.0;25.721513333333338;66.48168333333334;
75256.0;25.721513333333338;66.48168166666666;
75257.0;25.721513333333338;66.48168166666666;
75258.0;25.721513333333338;66.48168166666666;
75259.0;25.721513333333338;66.48168166666666;
75300.0;25.721513333333338;66.48168166666666;
75301.0;25.721513333333338;66.48168166666666;
75302.0;25.721513333333338;66.48168166666666;
75303.0;25.721513333333338;66.48168166666666;
75304.0;25.721513333333338;66.48168166666666;
75305.0;25.721513333333338;66.48168166666666;
75306.0;25.721513333333338;66.48168166666666;
75307.0;25.721513333333338;66.48168166666666;
75308.0;25.721513333333338;66.48168166666666;
75309.0;25.721515;66.48168166666666;
75310.0;25.721515;66.48168166666666;
75311.0;25.721513333333338;66.48168166666666;
75312.0;25.721515;66.48168166666666;
75313.0;25.721518333333332;66.48168166666666;
75314.0;25.72152;66.48168166666666;
75315.0;25.721521666666664;66.48168166666666;
75316.0;25.721524999999996;66.48168166666666;
75317.0;25.721526666666666;66.48168166666666;
75318.0;25.721526666666666;66.48168166666666;
75319.0;25.721526666666666;66.48168166666666;
75320.0;25.721526666666666;66.48168166666666;
75321.0;25.721526666666666;66.48168166666666;
75322.0;25.721528333333335;66.48168166666666;
75323.0;25.721528333333335;66.48168166666666;
75324.0;25.721528333333335;66.48168166666666;
75325.0;25.721528333333335;66.48168166666666;
75326.0;25.721528333333335;66.48168166666666;
75327.0;25.721529999999998;66.48168166666666;
75328.0;25.721529999999998;66.48168166666666;
75329.0;25.721528333333335;66.48168166666666;
75330.0;25.721528333333335;66.48168166666666;
75331.0;25.721528333333335;66.48168333333334;
75332.0;25.721528333333335;66.48168333333334;
75333.0;25.721528333333335;66.48168333333334;
75334.0;25.721528333333335;66.48168333333334;
75335.0;25.721529999999998;66.48168333333334;
75336.0;25.721529999999998;66.48168166666666;
75337.0;25.721533333333333;66.48168166666666;
75338.0;25.721535000000003;66.48168166666666;
75339.0;25.721536666666665;66.48168000000001;
75340.0;25.721536666666665;66.48168000000001;
75341.0;25.721538333333335;66.48168000000001;
75342.0;25.721539999999997;66.48168000000001;
75343.0;25.721539999999997;66.48168000000001;
75344.0;25.721541666666667;66.48168000000001;
75345.0;25.721541666666667;66.48168000000001;
75346.0;25.721543333333337;66.48168000000001;
75347.0;25.721543333333337;66.48168000000001;
75348.0;25.721545;66.48168000000001;
75349.0;25.72154666666667;66.48168000000001;
75350.0;25.72154833333333;66.48168000000001;
75351.0;25.72154833333333;66.48168000000001;
75352.0;25.72155;66.48168000000001;
75353.0;25.72155;66.48168000000001;
75354.0;25.721551666666663;66.48168000000001;
75355.0;25.721551666666663;66.48168000000001;
75356.0;25.721553333333336;66.48168000000001;
75357.0;25.721553333333336;66.48168000000001;
75358.0;25.721553333333336;66.48168000000001;
75359.0;25.721553333333336;66.48168000000001;
75400.0;25.721553333333336;66.48168000000001;
75401.0;25.721553333333336;66.48168000000001;
75402.0;25.721553333333336;66.48168000000001;
75403.0;25.721551666666663;66.48168000000001;
75404.0;25.721553333333336;66.48168000000001;
75405.0;25.721553333333336;66.48168000000001;
75406.0;25.721551666666663;66.48168166666666;
75407.0;25.721553333333336;66.48168166666666;
75408.0;25.721551666666663;66.48168166666666;
75409.0;25.721551666666663;66.48168166666666;
75410.0;25.72155;66.48168166666666;
75411.0;25.72155;66.48168166666666;
75412.0;25.72154666666667;66.48168000000001;
75413.0;25.72154833333333;66.48167833333333;
75414.0;25.72155;66.48167666666667;
75415.0;25.721555;66.48167666666667;
75416.0;25.721555;66.48167666666667;
75417.0;25.721555;66.48167666666667;
75418.0;25.721555;66.48167666666667;
75419.0;25.721555;66.48167666666667;
75420.0;25.721555;66.48167666666667;
75421.0;25.721555;66.48167666666667;
75422.0;25.721555;66.48167666666667;
75423.0;25.721555;66.48167666666667;
